0.289683
-0.950129
-3.39295
8.21855
1.71815
-1.60097
0.0891889
-2.77869
-1.3213
1.1523
3.30494
0.980666
-1.88034
2.49072
-0.418944
0.274692
-3.21793
0.317367
3.12184
1.46467
1.29699
2.64404
3.52215
-1.04761
-0.826386
-0.852774
0.231774
-1.21148
-0.218438
1.22886
2.4583
0.436753
-2.39904
0.158057
-3.26977
-1.8838
-3.81146
3.70948
-1.45677
1.08975
3.23161
-1.45854
0.738325
-0.475508
-1.77922
-4.91589
-4.85558
-2.70346
0.766192
1.96332
2.91779
-0.328603
-0.831835
-1.44799
3.02286
0.111446
5.51894
-1.05608
-1.04511
1.85667
1.28744
-2.3163
-1.18384
-4.40003
-1.05726
0.750972
-0.419056
0.638339
1.62312
-2.0937
-1.31782
2.8279
1.369
0.0774775
-0.508175
-1.57834
-0.953301
-0.203503
2.86034
-0.679786
-4.07505
-0.420182
0.400231
1.16642
-2.94429
1.65324
2.90322
0.195728
-2.36672
-1.34941
-2.47496
1.40709
-2.31032
1.55503
-3.71021
0.881566
-3.50322
0.717224
1.53523
-0.0686526
-3.26357
0.515614
0.685644
-0.74674
1.29714
-1.70394
2.85164
0.182564
0.645219
0.702349
-5.84517
3.06524
-0.850658
-4.08089
-1.29325
-0.207262
-1.20846
2.27711
1.22061
0.301019
1.69898
-0.58394
0.35622
1.09946
-2.18883
1.7868
0.557332
0.472269
-2.85744
1.00693
1.43475
-0.958176
-1.15155
3.51539
-0.68654
0.660173
3.19169
3.13244
0.219453
-1.53421
3.16589
0.769524
-3.16009
3.31154
0.102149
2.29935
2.96746
-2.91299
-0.420112
1.37167
-2.74413
1.41273
4.25904
-0.972237
-1.24011
-1.03134
0.68427
0.233938
-1.43024
-0.0886338
-0.692342
-0.649535
0.862638
-0.814693
0.657663
1.46669
-3.18438
-0.273016
1.72365
1.8357
0.184797
0.558549
-0.369316
0.220127
-0.691197
0.507217
0.172917
1.98226
-2.20789
-0.783774
-1.23137
-2.02524
-1.75483
-0.423513
0.754925
2.59067
2.0644
-0.8188
-1.89766
-2.78224
2.89144
2.37594
-2.61861
-1.31149
9.66772
7.71522
-2.53417
-0.844577
0.014142
0.256849
-1.11107
1.99151
-1.60165
1.67962
-2.61787
-1.99796
1.72627
0.0666162
-2.5312
0.358745
-0.638349
1.35231
-0.266348
1.96241
-2.91038
0.732392
0.681854
-3.55295
-0.832679
-1.1329
-0.117073
3.61047
-1.75521
0.403759
1.24735
-1.25158
-1.99364
0.888531
1.03252
-0.95292
-4.22272
-4.90712
4.80656
-2.14317
-0.301571
1.01935
1.39386
-3.22849
1.58828
3.51622
-3.13526
-0.45126
-5.97549
-0.635057
0.279293
0.339513
8.93811
-1.52623
-3.6775
1.30289
-1.01562
-1.44364
4.30375
-3.32239
3.84
-0.807737
0.210851
0.0474062
-1.01648
1.30772
-0.306494
3.81364
1.61335
-1.20733
-3.55241
0.614141
1.37052
-0.284176
0.221464
-4.74319
0.450724
-0.929706
1.03288
-0.667923
-0.439835
2.19675
0.651109
-1.21075
3.18063
0.981529
-3.39322
-1.02128
-0.622355
-2.38771
1.48569
-0.182729
-1.9747
-2.10601
3.14846
0.396474
-0.534744
-5.37697
-2.81274
2.54657
2.56163
0.0866172
-2.55847
-2.44455
1.69621
0.735003
-0.584401
2.29333
4.31997
0.89822
-2.61478
1.80374
1.16267
0.11669
-3.27917
0.723663
-1.28217
0.808963
1.37045
-1.50284
2.7743
3.38154
1.99634
1.1692
-0.0923897
2.35122
2.82415
-3.28573
-1.16662
-1.37141
-1.11236
3.28563
1.5925
0.479938
1.16375
-1.03889
0.0538032
1.11003
-1.89873
1.02336
2.03984
0.487126
-2.6096
0.746624
1.82228
-0.904249
-0.13302
-3.14585
-0.517695
-0.985061
2.85474
0.952732
0.356693
0.839319
-0.927432
4.48851
3.91334
2.90968
0.377249
2.13558
2.94485
2.52078
-0.646236
-1.9276
4.96642
-1.25464
2.15412
-0.954044
-0.960704
-1.27278
1.08561
-3.68907
-1.3232
1.08545
-0.673332
-0.731715
0.878528
-1.02145
0.681842
-1.21774
-2.61182
-0.879324
-1.21615
-2.26919
-0.54391
0.380563
-0.601976
0.990177
1.23275
-0.692606
1.38883
1.93839
-2.16083
0.821891
-1.59771
-1.94494
-1.5456
0.860573
0.73576
1.36585
-0.816717
5.56551
1.79344
5.16272
-1.05026
-2.10028
-1.15932
-1.2189
6.94998
-5.10502
-2.06425
-0.860225
-0.240151
1.77284
-0.966475
1.55204
1.4648
4.07944
2.00142
-0.00134602
1.45902
1.15645
-0.525328
0.595145
-0.452084
1.81465
-0.425033
2.29983
-0.643185
-0.607672
-0.999243
3.37702
-0.652474
-1.16243
-0.377692
-1.05309
-0.898612
-4.64687
0.212699
-0.499176
0.298291
-0.5996
1.75377
0.834116
3.08786
0.330164
-2.2991
0.255874
-4.10995
3.07718
-2.86844
0.929507
-2.09837
0.961771
2.88849
-1.00897
1.21379
-0.264865
-2.89882
-1.75271
0.894844
-2.05328
-1.08392
1.8467
2.88797
5.17786
-0.564008
-0.801427
3.31792
2.34616
-1.32481
2.11013
-1.24604
-1.56057
-1.29301
0.347368
-1.09769
-1.25353
1.4827
0.188202
1.07804
1.05777
-0.827391
3.38778
-1.15182
0.397561
-3.07342
0.617378
-0.10906
-1.34866
-1.31015
-1.17782
-0.108502
0.292315
-2.98097
4.35528
0.186997
-2.17523
3.96358
-4.15417
-1.97581
-3.22554
0.090115
2.48379
-3.06193
-2.75936
-0.00302678
7.88351
1.1033
-1.76268
0.918795
-0.996505
1.52054
-1.00092
0.354204
9.45275
-1.34763
6.88855
1.04548
-0.667976
0.8352
-0.75096
0.852122
-2.43962
-1.33248
2.84209
-1.30015
0.924055
-1.17196
0.624845
-0.386286
0.228625
-2.24715
1.15127
-1.98906
-2.04055
-2.16304
2.084
-1.13781
1.27028
1.78253
-2.04827
-0.911238
-3.86017
2.89153
3.93456
-0.446383
1.46974
1.7718
0.59642
-0.718421
-2.32047
-4.58711
3.55472
-1.9889
-0.74007
0.228427
-0.336312
-0.725767
1.71632
-1.43278
0.931379
-3.01197
-0.821838
2.55564
0.149566
-2.31088
0.081136
-0.764219
0.527928
0.264346
2.6849
1.91227
2.83748
4.04994
-1.48194
-1.12328
-0.948912
0.0307315
1.71589
1.6364
-1.85604
-1.28258
1.48898
-0.800221
1.58443
-1.07313
0.831798
1.17394
-1.20138
-1.11059
3.279
3.87756
1.90304
1.31148
-0.477854
1.15818
-0.896922
1.1013
-0.956735
-1.00743
-0.992439
-0.874835
-3.59224
-2.13484
4.10774
-3.96922
3.55176
4.4057
2.74239
2.96848
2.26825
0.834782
1.52761
0.922755
-1.73423
1.5566
-1.32225
1.87932
-0.280315
-0.344504
-0.548649
0.224238
1.21268
0.830223
1.9222
-0.10051
-1.40096
1.4084
-1.69675
0.955233
-2.91046
-3.27131
1.36318
-2.79799
1.01151
1.48742
1.06799
-2.17837
3.61223
0.524644
-3.90696
-0.23251
-2.74883
-3.47864
-1.93874
-3.54885
-0.442634
-0.224329
1.74001
0.956959
5.00818
-2.07718
4.95066
0.115189
-1.44509
-0.269238
0.0494888
-1.97723
0.277429
0.0568597
1.59802
-0.105277
0.478632
0.266065
1.91393
-0.61684
-1.35467
5.05306
8.05875
4.21236
-5.92924
1.27224
1.81976
-7.72266
2.84412
-2.36538
-0.283666
2.62114
-2.65759
-1.58367
1.94936
2.54727
-2.24901
0.315984
-0.462723
-2.09762
3.45039
0.869236
0.314301
-2.61
-2.16767
3.53337
-4.15424
3.299
-3.58284
-1.07938
-0.100326
-0.792425
-2.49187
4.34864
-3.73484
1.9789
-0.746134
-0.914526
-0.94617
-0.886195
3.22438
-0.236773
1.01501
-2.05514
2.11886
-0.800378
-2.27519
-1.58009
-1.13829
-0.939244
-1.41227
-1.02523
1.18505
-1.02015
0.283822
-2.53552
0.437832
-0.605719
1.2832
-1.86162
-2.1929
3.92945
-2.30108
4.8375
1.55582
0.660581
1.58083
0.813782
-1.46231
0.512471
-1.4073
0.691211
-0.742594
0.672584
-1.00248
-0.803983
0.766146
0.41461
0.818408
-0.481415
-2.23079
0.563743
-1.23873
1.6128
-1.62457
-0.843065
-1.27875
-1.50347
3.43953
-2.95674
-4.93862
-2.69806
-1.34097
0.0614225
-1.50318
-0.267053
-0.603427
0.297883
-0.655308
0.541371
-0.816536
1.15369
-0.948403
0.997164
-1.22703
-0.905084
-1.13623
-0.82637
-0.684846
0.64175
-0.579718
0.94505
-5.67985
1.33967
5.36188
1.42593
-2.75918
-1.03834
2.02871
2.31276
0.193772
1.28844
0.0573524
1.05271
-1.13408
-1.25236
-1.51707
-1.16079
-2.86588
-1.60327
2.43321
-3.65618
4.47671
-2.41034
2.41985
4.15997
-6.33557
-0.559816
-0.521891
-5.14911
-1.01129
-1.25672
-0.849766
-1.42215
-0.518401
-0.783397
-0.795983
-0.355492
-2.54632
-2.41745
-2.07942
-2.75988
-1.24174
1.92425
-1.78149
-1.53261
-0.0696532
-0.241084
-0.0982299
0.119432
-2.8861
-0.023553
2.4695
1.06825
-3.03917
-0.650005
-2.76726
-1.64349
3.69193
-0.99319
1.33984
2.87621
-0.523886
-1.02502
4.12166
-0.367409
-1.01291
-3.37969
2.44492
1.60317
2.41346
0.205846
-0.291504
0.13742
-1.80578
-1.20234
1.4861
-2.86059
2.12882
-2.49451
-0.541339
-0.918852
-0.700221
-1.42396
-1.7174
-0.774307
-2.80227
-2.05666
5.7653
-2.75318
-3.94876
-0.730386
-1.98565
-1.24935
-2.78205
-1.20776
-1.57964
-1.4194
0.391701
1.17889
0.490367
-0.89663
1.0186
-2.47609
1.12812
-0.0861015
0.525078
0.906377
-0.630364
-0.566713
-0.734465
-1.07732
1.41151
1.05456
-1.11695
-0.930663
0.241052
0.567824
0.721427
0.351976
-4.71261
0.465959
-2.80298
-1.26459
-1.40598
-1.26175
2.24119
-2.30779
0.761117
0.369101
-2.31582
0.184975
0.431252
0.80375
-0.0782168
-4.04871
-0.237407
-0.0992392
-1.02641
-1.34355
-0.853168
1.48937
1.06642
4.90972
-3.18915
-0.266051
1.91725
0.830469
-2.4866
2.97944
1.40671
0.50785
-1.18102
-1.17835
-1.54916
-1.61283
0.788401
3.57163
-1.93513
-1.671
-3.61388
-0.940405
-1.11855
-0.919348
-2.32516
3.71309
-1.41477
1.63175
-2.53618
1.96995
2.85902
3.45396
-2.62635
-1.17237
-1.6269
1.92823
0.885664
0.226936
-1.17436
1.1829
2.35306
0.383569
2.74284
-5.12836
-0.309869
-1.07715
2.89249
-3.27169
5.71006
4.90866
2.68833
-0.490815
1.84444
1.97171
-0.0707167
1.22569
1.69947
-0.888487
0.414273
-0.626019
0.657372
6.75404
1.12465
-1.15435
1.02256
2.62573
-4.04499
-2.22043
-2.02484
-0.955009
-3.80583
1.85386
3.8076
-0.192842
1.13823
-2.78102
1.92811
0.823138
0.780307
1.70519
1.55273
-0.376366
1.97806
1.87483
0.129813
-0.59369
-0.502718
1.65025
-1.10789
-0.022348
3.65124
-5.71049
0.555875
0.796744
5.32811
-1.30912
-1.91593
-2.154
-3.85214
-1.03825
-1.00339
-1.00306
0.907077
1.20491
-0.50432
-0.925372
-1.1025
3.40254
1.55614
-1.28635
0.539465
1.08294
-1.1707
-1.68783
-1.17739
2.94696
-2.69803
0.597382
-0.823416
3.3872
3.93923
3.95224
-2.40038
0.271227
0.222038
1.04922
-2.62968
-1.36506
3.9995
-3.23587
0.585555
2.72525
-1.25069
-0.220974
-0.644576
-2.05148
4.34655
2.49246
3.77737
2.7887
4.50172
4.33804
-3.0614
4.71195
-0.844171
1.38461
0.0271258
-1.01965
2.28306
-1.68749
4.29516
1.82623
-1.37711
-3.24142
0.679172
-2.19275
-1.48748
-0.471269
-4.63696
0.752648
-0.844909
1.08033
0.996864
-0.525027
-3.04824
0.396552
-1.07462
2.49602
2.78391
-3.5793
-1.43373
-0.168947
-2.72791
-1.49585
0.0594646
-2.86221
-2.67448
-5.56198
